best_deg=4.0
bic=656234423.4799845
chi2=656234407.1895019
dof=21.0
chi2_over_dof=31249257.485214375
condA=72360.60933407146
odd_even=0.27234058284500773
hi_energy=0.5635643360267305
