steps: 156
pearson_r: -0.0009760619137779917
spearman_r: -0.10076827341425268
