best_deg=3.0
bic=12.251441980898985
chi2=0.6899549493143272
dof=14.0
chi2_over_dof=0.0492824963795948
condA=18423.798576279467
odd_even=0.22683899743603061
hi_energy=0.416285285897359
