best_deg=1.0
bic=4.72956973713859
chi2=0.12439955115049788
dof=8.0
chi2_over_dof=0.015549943893812234
condA=19.4047670774081
odd_even=0.6280278681406739
hi_energy=0.3690291002011414
