best_deg=4.0
bic=2.353841912038116e+16
chi2=2.3538419120381124e+16
dof=1364.0
chi2_over_dof=17256905513475.896
condA=93.85663729096024
odd_even=0.2605124251996394
hi_energy=0.08611160315016438
