best_deg=4.0
bic=1712894.4886889658
chi2=1712884.7591382205
dof=2.0
chi2_over_dof=856442.3795691102
condA=1216.376605921856
odd_even=0.6341562801835899
hi_energy=0.969437000566712
