best_deg=4.0
bic=3280187.043913774
chi2=3280174.6193805253
dof=7.0
chi2_over_dof=468596.3741972179
condA=19884.121802054768
odd_even=0.04396736853742952
hi_energy=0.394680614466621
