# Coupling metrics
{
  "ridge_stats": {
    "count": 1743,
    "median": -1.0075251532206262,
    "p10": -4.593477051669536,
    "p90": -0.2110484332809304,
    "mean": -2.96603209888921,
    "std": 21.55356459933456,
    "quantile_threshold": 3.027000383134598
  },
  "top_harmonic_index_summary": {
    "median_h": 1.983472749747918,
    "mean_h": 2.3140515413725713,
    "p10_h": 1.983472749747918,
    "p90_h": 3.966945499495836
  }
}