best_deg=4.0
bic=2347259.982170654
chi2=2347251.0233733077
dof=1.0
chi2_over_dof=2347251.0233733077
condA=8989.328593214703
odd_even=0.07611808357612952
hi_energy=0.9989425132190736
