best_deg=1.0
bic=3.8929064674222715
chi2=0.0010861693116450038
dof=5.0
chi2_over_dof=0.00021723386232900074
condA=14.197932999899026
odd_even=0.28258965675433945
hi_energy=0.43100383503217615
