best_deg=2.0
bic=3.295836866004329
chi2=3.311888947365003e-26
dof=1.0
chi2_over_dof=3.311888947365003e-26
condA=5.533081622619064
odd_even=0.1489691283099701
hi_energy=nan
