best_deg=4.0
bic=8.047189562170502
chi2=5.531616402565739e-27
dof=1.0
chi2_over_dof=5.531616402565739e-27
condA=38.24439288534596
odd_even=0.12693803510217685
hi_energy=0.24077452443027544
