best_deg=4.0
bic=3192869.963063284
chi2=3192852.4805254764
dof=28.0
chi2_over_dof=114030.44573305272
condA=58850.81694816932
odd_even=0.30166089885369884
hi_energy=0.1271800043137736
