best_deg=4.0
bic=617650.2336411831
chi2=617637.8091079341
dof=7.0
chi2_over_dof=88233.97272970488
condA=31418.268817501936
odd_even=0.25855573577498137
hi_energy=0.5653662702965625
