best_deg=1.0
bic=5.108286545145997
chi2=1.2164662470353709
dof=5.0
chi2_over_dof=0.24329324940707417
condA=7.09405474388143
odd_even=0.8087635510262958
hi_energy=0.40229882580341175
